10 
 3 1 5 9 
 2 0 2 
 2 1 3 
 2 2 4 
 2 3 5 
 3 0 4 6 
 2 5 7 
 2 6 8 
 2 7 9 
 2 0 8 

 4 
 0 3 5 5

10 3 1 5 9 2 0 2 2 1 3 2 2 4 2 3 5 3 0 4 6 2 5 7 2 6 8 2 7 9 2 0 8 4 0 2 3 5  

10 
 3 
 1 
 5 
 9 
 2 0 2 
 2 1 3 
 2 2 4 
 2 3 5 
 3 0 6 4
 2 5 7 
 2 6 8 
 2 7 9 
 2 0 8 

 4 
 0 
-1 
 5 

8 

10
 3 1 5 9 
 2 0 2 
 2 1 3 
 2 2 4 
 2 3 5 
 3 0 4 6 
 2 5 7 
 2 6 8 
 2 7 9 
 2 0 8 

 4 
 0 3 5 10 

10 
 3 1 5 9 
 2 0 2  
 1 3 
 2 2 4 
 2 3 5 
 3 0 4 6 
 2 5 7 
 2 6 8 
 2 7 9 
 2 0 8 

 4 
 0 3 5 5

10 
 3 1 5 9 
 2 0 2 
 2 1 3 
 2 2 4 
 2 3 5 
 3 0 4 6 
 2 5 7 
 2 6 8 
 2 7 9 
 2 0 8 

 4 
 0 3 5 8 